38279844
38062766
37950709
37800726
37795563
37772694
37742114
37725586
37606910
37551969
37476976
37463061
37358384
37350129
37335060
37294210
37282582
37221869
37212277
37125452
37082956
37078144
37071186
37051703
37021339
37014076
36932737
36927167
36884305
36869619
36855333
36825511
36762948
36738227
36719766
36694461
36680758
36680746
36628481
36565025
36565020
36534765
36517974
36508722
36508265
36503284
36448583
36424831
36416238
36416234
36401499
36394949
36367185
36326212
36324218
36324216
36322789
36310426
36305387
36305381
36305374
36267001
36262047
36259461
36259456
36259455
36226406
36205570
36200628
36178348
36097763
36097759
36074949
36006372
35996351
35979888
35972745
35876459
35876453
35838132
35793112
35785959
35765922
35765917
35754333
35730116
35730115
35722903
35708112
35699082
35686460
35620901
35615873
35611987
35593008
35579968
35579949
35570725
35531895
35501951
35486829
35486824
35481812
35481808
35451333
35443809
35412857
35412843
35373595
35373589
35373588
35369719
35343245
35317604
35316073
35297679
35293260
35255740
35243900
35236121
35232233
35216518
35171721
35166126
35152735
35152732
35109711
35081744
35080438
35078327
35057637
35044252
35044240
35018824
35018818
34931535
34913747
34877889
34861770
34806433
34806429
34806422
34806407
34779275
34779252
34751584
34714155
34714152
34714150
34652956
34617454
34605670
34605668
34541886
34469248
34469247
34435894
34435885
34428934
34382417
34375128
34353120
34353119
34353118
34275326
34269621
34238034
34210174
34210158
34155930
34115539
34114492
34107754
34082606
34039024
33957773
33947273
33940936
33940933
33913750
33913741
33906429
33899522
33882712
33858218
33858210
33832330
33823646
33787364
33787345
33787328
33779295
33765846
33757304
33740873
33726507
33678004
33677992
33637023
33622092
33605175
33605167
33599176
33599168
33567980
33559524
33554739
33504256
33487126
33470179
33470170
33470158
33470157
33470152
33451255
33446048
33446011
33430707
33430695
33412995
33397203
33397198
33397170
33339474
33319651
33297844
33297828
33280491
33256496
33238833
33238820
33203303
33203297
33191851
33183144
33183134
33176547
33161875
33161840
33138684
33126836
33121382
33115345
33115338
33115334
33108942
33107388
33107380
33107371
33107370
33096971
33096953
33076743
33066716
33066712
33040677
33040670
33023400
33021902
33003979
32998634
32993456
32977737
32977734
32940130
32935624
32928028
32907483
32883163
32862765
32854584
32838651
32838645
32829672
32808570
32799741
32791886
32772838
32762279
32718209
32709212
32703074
32674657
32669032
32664792
32640874
32640866
32635809
32635808
32631152
32605423
32600167
32597310
32571175
32552352
32552335
32524892
32515269
32515262
32503385
32484070
32484024
32460623
32458732
32458719
32438858
32438850
32394805
32375598
32368946
32349614
32326805
32316850
32316847
32312151
32292111
32253987
32253986
32253977
32253971
32245339
32233732
32216535
32200671
32178582
32178577
32164485
32164482
32155393
32155392
32155391
32138594
32111134
32106753
32103698
32056479
32046588
32027212
32024452
32024417
32013731
32013721
32008424
32008422
32000584
32000562
31973660
31973644
31964232
31952465
31950876
31928143
31884883
31856650
31830867
31830856
31813313
31797721
31774030
31774025
31760893
31755851
31744382
31724480
31702476
31701809
31691647
31672091
31663425
31642407
31642374
31642371
31621494
31621484
31608767
31595817
31588845
31578924
31547764
31544628
31530220
31530217
31524054
31516087
31502498
31469049
31452443
31441378
31441374
31407610
31392919
31382848
31375052
31359826
31354055
31354034
31347447
31333067
31317824
31311414
31310157
31310155
31298621
31298609
31280698
31266393
31238819
31210099
31210098
31210096
31210093
31210092
31195890
31169064
31146654
31122143
31119974
31111795
31111794
31111776
31072225
31072218
31064292
31062649
31044668
31044646
31044639
31025597
31020912
31017044
31007137
30973053
30963958
30963804
30950328
30909842
30909806
30909795
30907261
30896274
30869558
30864876
30860434
30848161
30843469
30834818
30834814
30829134
30827167
30822269
30816062
30794101
30794079
30794049
30794028
30794026
30773988
30760178
30747048
30704349
30696387
30696345
30693827
30688147
30688141
30672379
30672378
30672370
30667299
30661454
30648469
30638118
30628544
30618345
30618331
30565484
30547708
30543155
30543138
30526281
30520681
30520680
30520675
30501584
30501547
30501460
30489229
30489213
30489208
30489198
30484371
30484364
30484362
30458116
30451083
30444175
30430902
30430900
30421664
30417732
30417726
30398389
30384809
30381997
30375271
30375265
30362884
30362878
30362876
30358485
30351247
30351225
30351197
30351183
30343623
30343622
30328749
30318996
30284959
30280980
30259800
30259790
30259789
30235970
30226400
30215287
30160201
30152715
30136628
30136622
30113267
30113265
30084745
30084741
30084733
30074876
30051757
30045665
30044180
30039743
30039737
30019631
30014767
30014763
30014759
30014758
30014757
30014751
29999457
29999455
29993326
29993324
29978744
29978738
29969943
29969939
29954258
29947289
29929438
29921164
29901425
29901416
29893166
29882466
29877132
29873292
29873284
29855211
29848170
29848155
29848152
29808778
29808745
29799308
29786476
29786465
29786463
29774780
29774776
29774773
29768974
29768967
29764289
29756522
29743006
29742960
29737240
29737232
29732949
29732946
29717652
29717643
29717626
29717625
29717620
29706124
29699444
29690859
29690837
29690824
29681226
29681212
29649959
29649928
29648987
29648986
29648982
29648981
29648979
29648974
29648973
29648959
29609518
29609516
29566601
29566600
29562823
29471717
29466920
29463164
29455576
29439605
29421977
29421973
29415608
29402167
29390943
29385890
29373947
29373946
29350085
29343209
29343158
29338620
29338612
29336208
29336204
29336197
29334834
29334825
29324173
29316845
29310515
29295654
29295651
29285980
29279021
29279015
29239268
29239267
29239261
29228863
29228858
29212411
29207908
29205096
29205090
29187028
29179667
29179629
29179622
29179621
29160143
29160141
29149808
29141501
29132243
29132229
29108477
29108476
29108471
29108469
29088998
29078732
29073810
29065805
29065769
29065765
29054135
29020853
29017409
28990457
28978285
28974151
28967329
28967326
28967294
28937955
28937953
28937952
28895474
28895461
28859549
28854841
28825511
28795657
28762893
28762876
28747144
28745934
28728503
28728464
28726590
28726543
28701108
28699381
28699371
28683585
28665166
28648110
28635523
28599602
28599600
28595478
28594315
28594313
28585901
28566019
28562167
28558476
28548606
28493787
28490224
28467736
28462691
28462633
28462632
28462608
28447885
28437223
28394205
28388862
28385097
28381134
28381129
28381107
28376700
28376667
28367684
28363253
28351324
28343409
28338402
28325105
28325100
28323555
28322619
28314375
28301983
28298170
28288551
28288544
28287909
28285549
28274184
28260398
28249550
28245734
28230415
28158951
28085565
28077004
28073317
28056628
28052716
28031000
27998207
27931179
27931146
27927083
27912253
27912032
27901413
27889957
27875927
27869558
27863455
27852147
27846772
27829315
27806662
27762659
27733104
27050417
27788626
27785968
27784203
27784200
27784191
27775474
27774844
27762657
27762655
26959810
26914973
26830358
26782139
26699926
27750484
27750479
27650169
27736318
27676221
27673569
27673428
27627580
27596283
27596052
27579992
27566051
27554429
27541183
27528274
27526721
27526567
27439997
27430610
27430424
27411737
27368354
27356857
27349409
27349296
27321815
27312729
27312416
27306143
27297774
27297660
27286800
27267366
27256113
27245878
27225880
27215444
27203696
27198861
27196003
27189876
27188248
27169480
27149139
27138134
27112592
27080734
27042763
27035221
27029716
27027526
27026056
27025905
26993214
26980078
26979826
26975872
26973025
26972895
26972789
26953505
26942337
26936513
26919808
26914721
26905959
26905805
26905672
26896212
26886854
26885560
26842780
26792233
26788611
26760283
26757855
26739819
26729511
26729399
26715431
26715291
26711675
26671448
26670940
26650778
26650623
26650510
26597684
26586606
26560343
26559881
26541365
26537996
26530335
26529412
26529320
26528928
26493952
26486881
26486760
26483094
26472135
26467555
26431625
26421759
26421658
26421521
26421452
26415105
26415041
26414955
26414916
26414795
26414735
26414700
26414629
26414591
26414478
26414451
26414433
26414413
26414411
26414329
26414315
26414192
26414093
26414062
26414012
26413933
26413840
26406381
26398596
26398492
26393494
26370183
26295586
26274838
26247583
26230045
26214116
26203702
26200170
26200068
26193380
26192071
26192010
26186466
26180940
26176603
26159676
26159566
26153851
26153729
26131617
26122481
26096267
26095991
26077679
26065706
26061068
26058501
26058402
26054745
26018334
25970552
25970337
25970233
25970145
25961471
25952562
25951234
25942484
25938937
25929319
25923735
25914996
25905575
25898072
25891836
25891649
25858502
25845398
25843479
25843317
25808909
25808802
25794265
25790314
25789412
25774566
25758339
25758167
25752485
25752227
25738891
25738794
25719433
25715192
25707446
25705999
25683481
25679872
25669633
25669448
25654233
25646701
25646653
25646580
25625912
25603189
25603012
25599268
25594628
25594545
25582436
25566694
25557588
25545758
25531419
25526613
25525686
25518731
25517970
25496189
25492623
25490251
25442327
25419789
25419578
25412226
25387354
25386720
25366938
25350012
25335097
25333480
25333195
25318005
25317951
25313690
25313633
25290253
25285363
25279664
25275933
25275833
25274125
25264814
25254425
25242459
25242371
25233298
25227136
25219978
25203249
25203134
25203001
25192426
25177776
25166905
25158206
25155288
25153180
25137571
25133889
25118568
25111427
25099730
25093762
25077610
25072522
25072405
25070744
25068510
25058115
25057965
25054973
25054838
25050595
25036531
25036371
25027811
25025611
25025489
25025304
25019674
25010992
25010885
25007121
25003645
25003552
25003478
24999750
24964223
24963966
24959845
24955788
24949719
24945364
24945196
24945082
24936867
24934504
24934382
24927383
24926612
24903744
24850066
24849726
24836936
24831774
24831582
24827476
24827371
24811484
24806994
24797413
24786802
24786666
24786364
24773520
24749541
24742275
24738754
24735430
24731132
24693985
24693960
24640955
24605991
24588281
21939392
20199141