39127120
39106942
39098715
39097076
39097074
39094768
39079624
39059736
39019303
39009177
38944332
38944330
38914275
38914274
38876196
38876195
38852834
38845329
38830500
38782352
38763355
38750949
38704082
38685307
38670252
38621449
38599366
38519010
38508482
38508481
38493983
38490317
38484864
38484863
38467356
38428714
38401853
38401852
38395215
38360257
38336286
38331161
38325655
38325653
38311020
38281587
38272160
38246304
38216109
38199511
38185315
38163475
38092188
38092187
38072150
38052272
38042360
38029810
38029809
38007208
37949202
37944882
37944881
37907124
37884190
37884187
37858696
37852468
37852467
37827229
37820939
37802381
37793538
37774766
37769794
37743001
37726047
37703949
37640098
37634697
37597764
37591355
37558155
37517459
37499972
37336344
37321386
37302746
37196697
37156332
37149279
37142114
37105450
37100111
37062352
37061176
37061175
37059414
37003487
37003485
36990138
36934866
36924982
36914084
36907350
36893833
36878398
36858281
36858280
36849003
36841465
36822393
36813223
36702427
36682400
36682399
36669750
36632949
36627040
36627039
36572372
36566701
36563835
36525997
36493862
36493860
36481187
36471511
36455639
36455638
36442674
36404463
36379273
36375510
36336030
36309123
36279933
36244414
36243059
36240880
36206806
36183811
36174748
36152499
36108714
36108713
36100046
36096180
36064003
36055392
36027941
35988700
35988699
35952765
35952764
35952763
35932799
35905840
35870522
35868359
35863502
35863500
35809630
35792382
35779614
35760098
35738417
35732220
35732218
35714755
35709983
35691372
35690132
35679961
35675900
35671801
35667396
35644426
35640716
35605669
35605668
35597270
35588791
35569511
35569510
35568187
35551899
35525306
35513025
35504345
35487274
35469852
35461830
35405120
35398339
35398149
35364108
35358499
35358498
35346670
35341747
35304102
35276206
35259350
35247373
35247372
35176273
35150737
35149118
35143833
35143832
35123955
35114205
35104499
35085573
35026228
35026227
35016994
34973965
34973964
34968423
34953895
34922908
34902356
34896334
34826427
34798136
34793784
34780773
34774860
34752785
34752783
34717939
34699789
34699788
34695425
34688600
34678230
34662542
34662541
34653511
34637802
34634309
34624328
34597683
34597682
34563510
34547288
34520726
34464653
34464652
34454938
34450183
34403688
34400158
34390704
34389362
34363809
34363808
34343529
34324860
34310944
34310943
34256046
34237320
34186102
34181928
34153321
34119482
34090893
34081986
34044000
34029610
34000250
33992581
33991526
33991523
33984337
33984336
33965411
33961861
33951477
33933462
33932397
33915166
33915165
33848513
33839144
33839143
33831399
33819448
33781731
33757765
33753138
33745919
33736974
33727097
33727096
33713657
33662379
33647273
33617886
33607080
33600817
33600814
33600813
33592210
33548217
33516730
33482226
33460645
33453217
33453215
33453211
33453210
33450233
33440204
33422552
33388315
33382987
33359475
33358869
33340498
33278453
33264634
33259808
33221396
33221395
33220238
33188818
33172833
33159930
33157093
33157092
33152354
33144066
33141071
33132201
33129842
33129841
33129840
33065078
33065076
33035516
33010255
33007293
33007292
32991934
32987000
32966805
32949572
32949571
32926860
32916172
32896573
32891670
32890971
32889007
32835671
32822706
32818488
32781001
32735873
32735871
32717355
32717354
32712030
32692987
32682613
32659382
32653453
32615138
32598930
32585156
32585155
32562668
32526238
32511953
32504636
32504635
32450192
32387649
32387398
32353465
32353464
32339611
32335121
32333909
32325158
32325157
32320698
32305419
32305418
32304750
32304749
32302678
32302677
32289317
32289316
32289315
32289314
32278646
32278645
32277960
32251646
32247790
32229226
32165258
32165256
32151546
32147438
32145250
32142803
32142802
32119934
32109447
32105708
32087253
32087251
32061629
32057797
32045597
32044330
32035071
32027928
32014440
32014438
31987833
31962129
31962128
31954682
31954116
31935368
31930992
31930991
31904386
31887305
31887304
31887303
31881218
31866464
31843491
31838097
31837320
31837319
31837318
31812556
31812555
31778663
31778662
31758983
31751572
31751571
31734316
31730762
31715135
31712125
31712124
31707082
31707081
31697943
31697941
31678140
31678139
31678138
31676317
31669485
31669484
31669069
31655049
31654639
31639376
31639375
31629857
31626746
31614121
31525347
31518568
31499065
31499064
31472115
31446080
31445043
31445042
31425688
31386828
31377403
31326353
31306642
31299180
31299179
31295445
31260658
31251936
31247197
31247196
31247195
31181199
31176687
31175843
31145897
31136762
31132364
31125548
31108086
31095935
31085199
31082391
31078524
31077715
31055005
31055004
31051155
31039333
31034808
31029597
31014574
30986398
30981805
30980832
30974102
30965038
30951705
30928388
30914159
30910408
30902524
30880143
30876905
30862466
30853387
30851266
30831070
30822423
30822422
30797827
30790555
30776337
30738808
30711647
30711646
30660616
30659800
30639321
30605624
30576640
30557564
30543800
30500332
30472069
30471251
30408465
30393144
30391523
30359565
30347190
30321497
30316835
30316834
30291854
30287160
30268767
30268766
30257183
30243988
30217406
30194957
30172620
30171865
30138606
30134145
30102916
30076830
30076829
30056160
30055160
30048714
30044944
30031021
30017972
30017881
30008424
29944857
29935168
29906423
29883578
29852179
29803827
29772247
29772246
29763602
29753647
29729249
29729248
29729247
29729246
29715475
29653188
29653187
29649429
29596845
29596844
29554474
29550371
29540323
29530713
29530711
29526741
29518364
29501420
29466703
29458059
29453976
29432724
29407729
29374568
29355498
29337147
29317193
29307609
29305892
29305050
29288070
29277625
29262292
29248630
29223411
29199132
29183676
29155051
29126888
29111308
29106981
29106980
29104114
29074417
29069573
29056364
29056362
29056361
29056360
29055717
29045809
29037533
28993251
28987463
28911883
28865993
28851597
28830762
28823823
28822839
28822838
28803751
28803750
28802560
28797631
28780195
28774750
28764903
28757259
28754506
28716559
28698032
28698031
28698029
28684211
28645526
28622913
28610844
28606623
28602834
28587876
28587875
28587873
28576568
28576567
28522250
28502610
28495218
28479337
28461004
28457905
28455196
28445716
28433644
28427858
28412220
28411125
28392281
28373025
28366471
28365473
28359739
28347765
28347764
28342750
28342747
28341461
28341460
28274862
28274861
28238799
28223037
28215575
28214516
28192079
28189729
28174025
28163160
28163159
28163158
28131726
28131724
28081963
28077261
28062175
28038988
28038987
28038986
28013000
28011122
27988257
27940019
27894788
27889468
27856285
27851902
27845037
27836728
27773721
27456271
27423814
27381425
27342083
27342082
27235934
27222131
26687970
26655672
27769717
27725160
27720798
27693618
27658674
27567740
27639636
27582085
27569538
27569537
27531634
27527983
27511294
27502766
27481726
27477858
27476100
27474512
27468657
27456270
27453480
27412766
27404844
27384502
27381424
27377319
27373205
27349408
27349406
27343803
27343802
27317298
27317297
27302680
27302679
27302678
27302677
27288241
27264359
27264357
27246999
27246997
27246996
27240521
27240520
27235932
27233622
27208700
27191729
27185271
27170209
27163549
27163547
27163546
27155358
27154297
27149927
27132994
27118372
27109181
27109180
27091225
27085394
27085393
27079999
27079998
27079997
27072529
27072527
27068622
27063582
27060489
27018321
27018320
27016070
27016069
27001544
26996133
26995324
26988764
26980486
26957369
26953231
26946223
26946222
26902473
26896834
26896833
26892876
26883566
26874223
26854933
26854932
26853136
26851542
26851541
26836322
26826447
26825854
26808660
26795089
26791254
26784005
26775178
26775176
26746986
26746985
26730521
26730520
26730519
26708732
26698925
26689323
26688581
26687972
26687971
26626971
26616238
26607913
26607912
26597542
26546833
26522013
26515691
26476179
26439313
26431741
26428905
26424436
26416261
26410685
26408049
26394202
26387938
26376217
26366525
26342753
26341392
26315937
26287750
26277686
26272753
26263843
26257025
26257024
26247808
26244281
26238735
26222335
26220898
26216662
26210872
26193167
26188381
26172316
26169930
26112314
26103453
26099177
26093037
26091850
26079647
26079646
26071088
26070306
26054884
26054883
26044197
26033474
26028309
26024861
26024860
26024858
26015333
25987538
25981889
25957630
25956829
25943585
25939697
25936875
25936874
25929689
25900056
25891441
25889458
25864931
25864929
25863022
25863021
25862287
25843547
25842268
25836044
25828533
25819104
25819102
25816736
25814441
25797576
25796590
25792482
25792481
25783658
25779930
25771800
25771799
25749188
25747036
25743217
25725355
25725354
25725353
25725352
25708987
25708986
25704959
25697845
25687551
25687550
25681575
25681572
25666586
25620416
25597650
25595121
25592627
25585014
25585012
25562527
25542980
25542978
25542977
25542160
25541322
25523813
25523812
25510318
25500142
25500111
25496841
25483398
25483397
25483396
25476494
25476493
25448157
25448156
25448009
25448007
25448005
25447942
25447941
25447940
25447939
25447938
25447937
25447935
25446721
25433215
25432069
25432068
25284324
25284323
25263582
25263581
25263580
25263579
25261754
25246228
25218043
25205229
25158310
25158309
25157902
25151457
25131640
25128264
25118620
25109669
25084519
25084518
25079367
25058046
25058045
25017368
25017367
24999028
24999027
24999026
24997240
24973622
24959867
24954637
24945601
24918341
24915640
24910201
24907401
24907399
24873730
24873729
24873728
24861442
24859452
24858805
24852102
24845851
24842488
24768797
24731947
24731945
24613827
24560819
24512750
24509348
23507035
23376224
23178582
23036599